Server: Bob
Subtotal: 31.5
Tax: 3.1500000000000004
Tip: 6.300000000000001
Total: 40.95
